000000000000111111111111111111111111
00000000000000000000000000000000001
0000000001111
00000000000000000000000000011
0001
000000000000000000000111111
00001
000000000000000000111111111111111111111
000000000000000001
000000000000000001111
000000000000011111111111111
00000000000000001
000000000000000000000000000000111
00000111111111
00000000000001111111111111111
0000000000111
00000011111
0000000000001
0000000000000000000000000000000000000000000001
00000000000001111
00000000000000111
000000000000000000001
00000000000111111111
00000000000000000000000000111
0000000000000000000000000000000001111111
0000000000000000000000000000000001111111
0000000000000000000000000000000000000000001
00011
0000000000000000011111111111
0000000000000000000111
0000000000000111111111111111111111
00000000111111
0000000000000000001111111111111111111
00000000001
000000000000000000000000000000111111
00000000000000000000000000000000000011111111111
000000000000111111111111111
0000111111
000000011111
000000000000000000001
0000000000000000000000001111111111111
000000000000000000000000000001111
000000000000000000000000000000000000000011
0000000000000001111111111111
000001
0000000000000111111111
000000000000011
000000000000000000000111111
000000000011111111111111
00001
000000000000000000000000000000000011111111
0000000000000011111111111111111111111111111
0000000111
000000000000000000000000000000000001
000000000000000000000000000000000011
00000000000000000000111111
00000000001
0000000000000000000000000011111111111111111
00000000000000000000011111111
0000000000000000000000000000111111
00000000000000000000000000000000000000011111
0001
000000000000000000000000000000111111111111
00000000000000111
00000001
0001
000000000000000011
00000000000000000000000000000000000000011111111
000000000000000000000000000000000011111
0001
00000000000000000000011111111
0000000000000000000000000000011111111111
000000000000000000000000000000111
00000000000000000000000111
00000000000000000000000000000000000000000000111
000000000000000111111
000000001111111111111111111111
00000000000000000000000000000000000000000011
000000000000000000000000000000000000000011111111
0000000000000000000000000000000000000000000111111
000000000000000000000000000000000000000000011111
000000000000000000000000000000000000011111111
0000011111
000000111
0000000000000000000000000111
0000000000000000011111111111111111
00001
0000000000000000000000000000111
0000011
00000000000000000000000000000000000000011111
0000001111111111
0000000000000111111
000000000000000000111
000000011
000000000000000000011111111111111111111111
0000000000000000000000000000000011111111111111111
000000000000001
000000000000000000001
00000000000000000000000000000000000000001
00000000000000000000000000111
00000000000000000000000000000001
00000000000000000000000001111111
00000000000000000000000000011111111111111111
00000000000011111111
0000000000000000001111111111111111
00000000000000000000000111
000000000001
0000000000000000000000000000000000000000111
00000000000000000000000000111111111111111111
00001
0000000000000011
000000000000000000000000000001
00000000000000001111111111111
00000000000000000111111
000000000000000000000000111111111111
000000000111
0000000000000000000000001
0000000000000000000000111111111
000000000011111
0000001
000000000000000000000000000011111111
0000000000000000000000000000000000000000000111111
0000000000000000000000000011
00000000000000000000000000111111111111111111111111
000000000000000000000011
0000000000000000000000000000000111111
000001
0000001
0000000000000000001111111111111111111
000011111
000000000011111111111111
00000000000000000000000000111111111111111111
0000000000000000000000000000000000000001111111111
000000111
00000000000000000011111111111111111111111
00000000000000000000000000000000000000000001
0000000000000111111111111
000000000000000000000011111111
000000000000000000000001111111111111111111111
0000011
0000000000000000000000000000000111111111111111
0000000000000000000000000000000111111
00000000000000001111
00000000000001
000000000000000000000000000000000011111111111
0001
0000000000000000000000000000011111111111
000000000000000000111
000000011111111
00000000000001111
0000000000000000011111
0001
00000000000000011111111111111111111111
00000000000000111111111
000000000000000000111111
0000000000000000000000011111111111
000000000011111111
0000000000000000000000000000000111111111111
0000000000000000000000000111
00000000011
00000000000000000001
00000000000000000000000000000000000111
0000000001111111
0001
000000000000000000000000000011111111111111111
0000000000000011111111111111111111111111111
0000000000000000000000000000011111111111111111111
0001
0000000000011
00000000000000000001111111
00000000000000000000000011111
000000000011
0000000000000000000000000000000000000111111
0001
00001111
00000000000000000000000000000000111
000000000000000000000000000111111111111
0000000000000000000000011111111111
000000000000000000000000000001111
0000000000000000000000000000000000000111111111
00000000000000000000000000000000011111111111111
000000000000000000000111111111111
0001
000000000000000000000000000000000011111111
00000000000000000000001111
00000000001
0000000000000000000000001111
000000000000000000000000000111
00000000111111111111111111
00000000000000000000000000000011111111111111111
0000000000000000000000001111111111111111111111
00000000000011111
000000000000000011111111
000000000000000000000000000000000000000001
000000000000000001111111
0000000000001111
0000000000000000000000000000000000011111
000001
0000000000000000000000000000111
00000000000000000000000000000000000000000011
000000000000001111
0000000111
000000000000000000011
0000111111
00000000000000000000000000000011111111111111
00000000000000000000000000001111111111111
0000000000001111111111111111111
000000001
0000000000000000001
00000000000000000000000000000000001
0000000000000000111111111111111111111
000000000000000000000000000000111111111111111
000000000000000000000000000000000001111111111
000000011111111111111111
00000000000000000000001
00000000000000000000000011111111111
00000000111
0000000000000000000000000000000011
000000000000000000000000000011111111
0000000000000000011111111111111111111
00000000000000000000000000000000000001111
00000000000000000000011111
0000000001
000000111
00000000000000000000000000000011111
0000000000000000000000011111111111
00000000000000000000000001111
0000000000000000000001
00000000000000000000000011
00000000000000000000000000000000011111
0000000000011111
000000000000000000000000111111111
000000000000000001111111111111111111
00000000000000000000000000000000111
000001111
00000000000000000000000001111111111111111
00000000000000000000000000001111111111
00000000000000000000000000000000001111111
000000000000000000000000000000000000000111
0000000000000000000000000000000000000011
00000001
000000000000011
0000000011111
000000000000001
0000000000000000111111111111111111111111
000000000000000000000000001
0000000000000000000000000000001111111
000000000000001111111
0000000000000000000000000000000000000000000001
00000000111111111111
00000000000000000000000000000000111111
00000000000000000011111
00000000000000000000000011111111111
0000000000000000000000000000000000111111111111
000000011
0001
000000000001
000000000000000001111
000000000000000000000001111
000000011
0000000000000000000000111111111111111
0000001
0000000000011
0000000000000000000001111111
00000001
00000000000000001111111111111111
0000000000000000000000000000000000000111
000000000000000000000000000001
000000000000000000000000000000000001
00000000000000000000000000000000000000000111111
0000000000000000000011111
000000000000000111111111111111111111111
00001
00000000000000000000000000111111111111
00000000000000000000000000000000011111111
0000000000000000000001
0000000000000000000001111111111111111
00000000000000000000000000000000001
000000000000001111111111111111111111111111
0000001
00000000000000000000011111111
000000011
000000000000000000000000000000000000000000011
00000000000000000000000000000000000011111111111
00000000000000000000000000001111111111
0000000000000000000000000000000000000000001111
000000000000000000000001111
0000000000000000000000000000000000000011111
00000000000000000111111
0000000000000000000000000000011111
000000000001111111111111
0000000111111
0000000000000000000000000000000001111
000000000000000000011111
000000000000000000001
000000000000000000000000000011111111111111111111
000000000000000000000000000000000011111111
0000000000000001111
000000000000000000000000000000000011111111111111
000000000000111
00000000001111
0000000000000000000001111111111
000000000000001
000000000000000000000000000000000111111111111111
0000000011111111
0000011
000000000000111111111111111111111111111111111
00000000000000000000000011111111111111111
00000111
0000000000000000000000000000000000000000111
00000000000000000000000000000001111111111
00000000000000000001111111
0000000000000000000000000000000111
00000000000000000000000111111111
000000011111111111
000000000000000011111111111
00001111
00000000000011111111111
000000000000000000000000000000000000000000001111
000000000000000000000000000000000000000000000011
0000000000000000111111111111111
000000000000000000000000000000000111111
000000000000000000000000000001111111111
000000000000001111
000000000000000000000000000000001
00000000000011
000000000000000000001111111111111111111111111111
000000000000000000000000000000000000000011111
00000000000000111
0000000000000000000000000000011
00000000000000000000111111111111111111
0000000001111111111111111
0000000001111111111
0000000000011111111111111111
00000000000000111111
00000000000011
000000000000000001111
00000000000000000000000000000001111
00000000000000000000000000000000000000000000000011
000000000000000000000000000000000000000111
0000000000000000000000000000011
00000000000000000000111111111
0000000000000000000000000011111111111
00000000000000000000000000000111111111111111111111
000011111111
00000000000111111
000000000000000000000000001111111111
00000000000000000000000000001111111111111111111
0000000000000001111111
0000000000000000000000000000001
000000000000000000000000000000000011111
00000000000000000000000000000000000001111111
0000000000000000000000000000011
00000000000000000000000000000000001
0000000000001111
00000000000000000011111
000000000000000000000000000011111111111111111111
0000000000000000000001
0000000000000000000000000000000000000001111111111
00000000000000000000000000000000000000000000000011
00000000000000000000111111
00000000000000000000000000000000000011111
0000000111111
00000000000000011111111111111111
0000000000000000000000000000000000011111111111
00000111
00000000000000000000000000000000000001
000000000000000000000000000000000111111
000000000000000000000000000000111111111111
00000000000000000000000000111111111111111111111
0000000000000000000000000000000000000111
000001
0000000000000000000000000000001111
000000000111
00000000000000011111111111
00000000000000001
00000011
000000000000000000001111
0000011
000000000000000000011
000000000000001111111
000000000000000000000000000000000000011
0000000000000001111111111111
00000000000000000000000000011111111111111111
0000000000000000000000000011111111111111
0000000000000000000000000011
000000000000011111
00000000000000000001111111111111111111111111
0000000000000000000000000000000000000011111111
00000000000000000000000000000111111111
00000000000000000000011111111
0000000000000000000000000000000000111111111
0000000000000000000000011111
000000000111111111111
00000000000000000000000000000000000011111111111111
00000000000000000000000000000000000001111111111111
000000000000000000000011111111111111111111
0000000000000000000000000000000000000001111111111
000000000000000000001111111111111111111
0000000000000000000000001111111111
000000000000000000000000000000011111111
0000000000000111111111111
00000000000000000000001
00000000000000000000000000000000000000111111111
0000000111
0000000000000000111
00000000000000000000111111111
000000000111111111111
00000000000000000011111111
000000000000000000000000000111111111
0001
0000000000000001111111111
0000000000000000000000000011111
00000000000000000000011
00000000000000001111111
00000000000000000000000000000000000000001111111
0000000000111111111111111
00000000000000000000000111
000000000011
0000000000000000001111111111111
0000000000000000000000000000001111111111111111111
00000000001
000000001111111111
00000000000000000111
0000000000000000000000000000001111111
0000000000000000000001111
0000000001111111
00000000000000000000000000000000000111111111111
00001
000001111111
000000001111
0000000011111111111
000000000111111
0001
000000000000000000000000000011111111111
0001
000000000000001
00000000000000011111
00000000000000000000000000000000000000000011
0000000111111111111111111111111111
00000000000000000000000000000000000000000000111
000001
00000000000000000000000111111111111111111111111
00000000011111111
00000000000001111111
00000000000000111111
00000001
0000000000000000000000000011111111111111111111111
00000000000000000000011111111111
00000000000111
00000000000000000111111
0000000000000000000001111111111111111
00000000000000000000000000000000000000111111111111
000000000000000001111111111111111111111
00000000000000001111111111
0000000000001
0000001
0000000001
0000000000000000000000000000000000000000001111111
00000000000000000000000000000000000000000000001111
000000001
0000000111111111111111111
0000000000000011111
00000000000000000000000000000000000000000000111111
0000000000000000000011111111
0000000000000000001
0000000000000001111111111111111111111111111
00000000000000000000000000111111
00000000000000000001
0000000000000000000000000000000000000000000001111
00000000000000000000000000000000000011111111
00000000000001111
0000000000000000000000000000000001
000000000000000000001
00000000000000000000000000000000000011
000000000001
000000000000000000111111111111111
00000000000000000000000000000011111111111111111111
000000000000000000000000000000000000001111111111
00000000000000000000000000000001111
000000000000000011111111111
000000011
000000000000000000000000000000000000000011111
000000000000000001111111
00001
0000000000011111111111
0000000000000000001111
0000000000011111
00000000000000000000000000111111111111
000001
00000000000001
0000000000000000000000000011111
0000000000000000000000000000000000000000001111111
000000000001111
00000000000000000000000000000000000000000111111
00000000000000000000000000000000000000001111
0000000000000000000000000000011
00000011
00000000000000000000000011111111
00000000000000000000000000000000000011111111
00000000000000011
00000000000000000000000000000011111111
0000001
00000001111
00001
0000000000000000000000000000000000000000001111
000000111
00000000000000000000001111111111111111
000000000001111
000000000000000000000001
000000000000000000000000000000000111111111
00000000000000000000000000000011111111111111111
0000001111
00000000000000011
00000000000000000000111111
000000000000000001
00001
00000000000000000000000000000000111
0000000000000001
00000000000000000000000000000000000000111111111
00000000000000011111111
000000000111
000000000000000000000011111
00000000000111
00000000000001111
000000000000000000000000000001111111111
00000000000000000011111111111111111111111
000000000000000000000000000000000000000000000111
0000000000000000001111111111111111111111111111
00000000000011
000000000001111111
00000000000000000000000000000000111111111111111
000000000000000000000000000111111111111111
000000000000000000000000001
0000000000000000000000000000000000001111111111111
00000000000000000000000000000011111111111111111
0000000001111
000000000000000000000011
00000000000000000001111111111111111111111
0000000001111
000000000000000000000000000000111
000000000011
000000000000000000001
00000000111111
00001
0000111
0000000000000000000000000000000000000000001111111
000000000000000000000000000000000111
0000000000111
0000000000000000111111111
00000000000000000000000001111111
0000000000000000000000000000000000000011111111111
0000000000001
000001111111
00000000000000000000000000000000000000000000011111
00000000000000011
0000000001111
0000001111
0000000000000000000000000000000000111
00000000000000000011
000000000000000000001111111111111111111111
000000000000000000000000000000000000011111
000000000000000000000000001111111111111111
000000000000000011111111111111
0000000000000000000000000000011111111
0000000000000000000000000000000000111
000000000000000000000000000011111111111111
0000000000111111111111111
000001111
0000001111111111111
0000000000000000000000000111111
00000000000000000001111111111111111111
0000000000000000001111111
000000000000000011
000000000000000000000000000001111111111111
000000000000000000000011111
000000000000000000000000000000000000001111
0000000000000000000000000111111
00000000000000000001111111
0000000000000000001
00000000000000000000000000000000111
0000000000000011111111
000000000000000000000000111
0000000000000000000000000000000000000000000011
00000000000001111111111
0001111
000000111
00000000000000000000000000000011
0000000000000000000000000000000001111111
0000000000000000000000000000001111111111
0000111
000000000000000000000000000000000000000000011111
00000000000000000000000000000011111111
0000000000000000000000000011111111
0000111
000000000000000000000000000000000000000111111
000000111
00000000000000000000000000000000111111111111111
0000011
00000000000000000000000111111111111111111111
00000000000000000000000000000000001111111111111
0000000000000000000111111
00000000000000000000000000000000000111111111
0000000000000000000000111
000000000001111111111111
000000000000000000001111111
000000000000000000000000000000000000111111111
0001
00000000000000000000000000011111
000000000000000000001111111
0000000000000000000000000000000000000011111111
0001
000011
00000000000000000000000000001111
0000000000000000001111
000000000000000000000001111111111
0000000000000000011111111111111
0000000000000000111111111111111
0000001111
000000000000011111
000000001
0000000000001111
000000000000000000000000000011111111111
0000000001
00000000000000001
000000000000000000000000000000000000011111111111
00000000000000000000000000011111
000011
000000000000000000000000000000000011111111
00000000000000000000000000001111111111111
00000000000000000000000011111
0000000000111
00000000000000000000000000000000001111
0000000000000000011111111111111
0000000000000111111
0001
00000000000000000000000000011
0000001
000000000111
000000011
000000000000001
00000000000000000000000000000000000000001
00000000000000000000000000000111111111111111111
000000000000000001
000011
0000001111111111111111
00000000000000000000000000000000000000000011111111
0001
00000000001111
00000000000000000111
00000000000000000000000111111111111111
0000000000001
000000000111
0000000000000000000000001111111
00000000000000000000000011111111111111
00000000000000111
000000000000011
00000000000000011111
00000000000000111
00000000000000000001111111111
0000000000000000111111111111
000000000000000000000000000011
00000000000000011111111111111111111111
0000000000001111
000000000000000000000000000001111
00000000000000000000000111
000000111111
000000000000000000000000000000000011
0000000000000111111111
00000000000000000111
000000000000000000000000000011111111111
0000000000000111111111111111111111111
000000001
00000000000000000000000000000000000000111
0000000000000000000000001
00000000000000000000000011111111
0000000000111
00000111
000000000000000000000000000000000000000111
000000000000000000000011
0000000000000000000011111
00011
00000000000000000000000000000000111111111111111
000000000000000000000000000000000000111
0000001
000000000000000000000001111111111
00000000000000000111111
000000000000000000000000001111111111111111111
0000000000000000000000000000000000111
00000000000111
0000000000011
000000000000000000000000000000000000011
00000000000000000000000001111111
00000001
0000000000000000000000000001111
0000111
00011
0000111
0001
0000000000001111
00000000000000000000000000000011111111111
000000000000000000000000000000000000000000000111
000001111
00000000000000000001
00000000000000000000000000000111
00000000000000000000000000000111111111
000000000000111111111111
000000000000000000000000000000000000000011111
000000000000000000000000000001111111
000000000011111111
000000000000000000000011111
00000000000000000000000000000000001
00000000001
00000001
00000000000000001111111111111111
0000000011
00000000000001111
0000000000000000000000000001111111
00000000000000000000000011111111111
00000000000000000000000000000000000000011
0000000000000000000000000001111
0000000000000000000000000000111111111
0000000000000000000000011111111111111
00000000000000000000000000000000000000011111111111
00000000000111111111111111
000011
000000000000000001111
00000000000000000000000000000000000011
0000001
00000000000000000000000000001111
000000000000000000000000111111111111111111
0000000111
0001111
0000000000000000000000000000111111111111111
00000000000000000000011
0000000000000011111111111111111111111111111111
0000000001
0000000000000111
000000000000000000011111
0000000000000000000000000000001
0000000000001111
0000000001
0000000000000000000000000000000001111
000000000000000000000000000000011
0000000000000000111111111111111111111111111111
000000000000001111111111111
0000000000000000000000000000000011111
00000000000000000001111111111111111111
00000000000000000001111111111
00000000000000000000000000000000000000000000001111
00000000000000000000000000000000000000000111
00000000000001111111
00000000000001
00000000011
00000000000001
0000000000011111111
00000000000000000000000000000111111111111111
000001
000000000000000000000000000000000000011111111
0000000000000000011111111111
00000000000000000000000000000000000000000001111111
0000000000000000000000000000000000011111
0000001
0000111
000000000000000000000001111
0000011
0000000000000000000000000001111111111111111
00000000000000000000000000000000000000000001
0000000000000000000111111
00000000000000000011111
0000000000111111111
0000000000000000000000011111111111
00000000000000011111111
000000000000000000000000000000000000000001
0000000000000000000000000000000000000000000001111
00000000000000000000000000000000000000011
00000000000000011
0000000000000000001111
000000000000000001111
000000000000000000000000111111111111
0000000000000000000111111111111
000000000000000001111111
00000000000001
0000011111111111
000000000011
0000000000000000000000000000000000000000000000001
00000000000000011
0000000000000000011111111111
000000011111111
000000000000000000000000000000011
0000000011111111111111
00000000000000000000000000011111111111
0000000000000000000000111
0000000000000000000000011
000000000000000001111
0000000000000000000000000000000111111
0000000000000001
0000000000001
0000000000111111
000000000000000000000000000000011
000000011111
0000000000000000000000000000011111111111111
000000000000000000000000000011111111
00000000000000000000000000000000000111111111111111
000000000000000000000111111111111111111111
00000000000000000000000000000000111111111111111
000000111
00000011
000000000000000000000000111
0000000011111111111111111111
00000000000000000000000000000000000111111111111111
00000000000000000000000000000000000000000000000001
000000000000000000011
000001
0000000000111111111111111111111111111111111111111
0000000000000000111111111111111111111111
0000000111
0000000000000001111111111111
0001
00000000000001
0000000000000000000000011111
000000000000000011111111111
0000000000000000000000000000000000000011
0000000000000000000000001111
000000000011
0000000000000000000000000111
000000000011
000000000000011111
0000000001111
000000000000000000000000000000000000111111111
0000000000000001
00000111
0000000000001
00000000000000000000111111
000001111111
00000000000000000000000000000000000000011
0001
0000000000000000000000111111111111
00001
00000000000001111111
000000000000000000111111
00000000000000000000000000000000000001111
00000000000000011
000000001111111
00001
00000000000000000000000000000000000000000000000111
00000000000000000000000000000000000000011111
00000000000000000001111111111111111
0000000000000000000000011111
0000000000000000000111111111111111
0000000000001111111
00000000000000000000000111111111111111111
00000000000000000000011111111
00000000000000000000000000000000000011111111111111
000000000000000000000001111111111111111111111111
00000000000000001111
0000000000000000000000000000001111
0000000000000000000000011111111111111111111
0000000000000000000000000001111111111
00000000000000000111111111
00000000000000000000000000001111111111
0001
0000000111
0000000000000000011111111111111
0001
00000000001111
000000000000000000001
0000000000000000000111
000000000000000000000000000000000000000111
00000000000000000000000000000000111111111111
0000000000000000000000000000000011111111111111
0000000000000001111111111111111111
00000011
0000000000001111111111
00000000000000000000000000000011
0000000000000000000000000000000011111111111111111
000000001111111111111111111
000000000000000000000000011111
00000000000000000000000000000011111111111111111111
000000000000011111
00000000000000000000000000000000000000000000000001
00000000000000000111111
00000000000000111111111111
00000000000000000000000000000000000000000011111
0000000000000011111111
000001111
0000000000000000000000000000000000000011111111
000000000000000000000000111111111111111
00000000000000000011
00000000000000000000000111111111111111
000000000000000000000000111111
0000000000000000000111
000000000000000000000000000011
000001
000001
00000000000000000000000111
0000000000000000000000000000000000000000000001111
0000001
00000000000000011111111
000000000000000000000011
0000000000000000011111111111111111
00001
00000111
000000000000000000000011
00000000000000000000011111111111111111
00000000000000000000000000000000000000011111111
00011
00001
0000000001
000000000000000000000000000011111111
000000000001111
0000000000000000000000000000000000000111111111
0000000000000000000000000000000001
000000000000000000000000000000000000000000000001
00000000000000111
00000000000011
00000000000000000111111111111111
00000000000000000000000000001111
00000000000000000000000000000011111111111
000000000000000111111111
000000000000000000000000000000001
00000000000000000000000000000001111111111111111111
0000000000000000000000000000000000000001111
00011
000000000000000000011
0000000000000001111
00000000011111
00000000000111
00000011
0000000000000000001111111111111111111111
000000000000011
00000000000000000000000000000000000000000000000111
00000000000000000000000000000000000000011111
00000011
000000011111111111111
0000000000000111
0000000000000000000000000000011111
00000000000000000000011111111111111111111
0000000000000000000000011111111111111
00001111
0001
0000011
00000000000000001
0000000000000000000000000000000000000001111
0000000000000000000000000000000000000000000001
000000001111111111
00000000000000000000000001
000000001111
00000000000000000001111111
0000000001
0001
000000011
00000000011
00000000000000000000000000000011
000000000000000000000000000000111111111
00000000000000111
000000000111
00000001
000000000000000000011111
00000000000000000000000000000000000000000001111111
00001
000000000000000001111111111111
0000000111111111
000000000000000000000000000001111111111111111
000001111
00000000000000000000000111111111111111
00000000000000000000000000011
0000000000001
00000000000000000111111111111111111111111
0000000011111
0000001
00000000000000000000111111
00000011111
000000000000000000000000000000000001
000000000000000000000000000000000000000001111
0000000000000000000000000000111111
0000000000000000000000000000001111111111111111111
000001
00000000000011
000000000000000000000000011111111
0000000000000000000000011
000000001111
000001111111111
000000000000000000111111111
00000000000000000000111111111
0000000000000000111
0000000000000000000000011111111111111111111111111
00000000000000000001111111
00000111111
0001
00000000000000000000000001111111
000000000000000000000000111111111111111
00000000000000000000000000000000000000001111111111
0000000000000111
00000000000000001
0000000000000000000000001
000000001111
00000000000000000001111111111
00000000000000001111111
0000000000000000000000000000011111111111111
00000000000000000000000000000000000000111111111
00001
000000000000000000000111
0000000000001
00001
000011111111
0000000000000000001111111
0000000000011111111111
00000000000000000000000000000000111111111111111
00000000000000000000000000111111
0000000000000000000111
000000000001
000000000000000000000000011111111111
000000000000001111111111
000000000000000000000000000000011
000000000000000000000000000000000000000000000001
0000000000000000000000111111111111111111111
00000001
000000000000000000011111111111
0000000000000001
000011
000000000000000000000000000000111
0000000000111111111111111111
000000000000000000000111111111
000000000001111
00000000000000000000000000000000011111111111111
000000000000000000000000001111111111111
000000000000000000000000011111
0001
00000000000000011111111111111
00000000000000000000000000000000000000000111111111
00000111111111111
0000000000000000011111111111
000000000000000000011111111111111111111
000000000000000000000001
000000000000000000000000000000000011111111
0000000000000011111111111111
0000000001111
00000000000000000000000011111111111
0000000000000000000000000000000000000000011111
00000000000000000000000001111
00001
000000000000000000001111111111111
000000000000000000000011
0000000111
0000001
000000000000000000001
0000000000000000000000000011111111111111
0000000000000000000000111
0000000000111111
00000000000000000111
00000000000000001111
0000000000001
00001
00000000000000000000000111111
0000000000000000000000000000111111111
000000000000000000000000000000000001111
0000000000000000000011
0000000000000000000111
0000000000000000000000111111111111111
000000000000000000000000000001111111111111111
0000000011111
0000000000000011111
00000000000000000000000000011111111
00000001111111111
00000000000000000000000000000000111111111
000000011111
000000000001111111111
000000000000000001
0000000000000000001111111111111111
00000000000000000111111111111111111
00000000000000000000000000000000000000001111111
00000000000000000000000000000000111
0000000000000000111111
0000000000000000000000000000000000111
0000000000000000000000000000111111
0001111
00000000000000001
000000000000000000000000000000000001111
000000000000000011
00000000000000000000000000000001
00011
0001111
0000000000000000011
00000000000011111
0000000001111
0000000000000000000011111111111
0000001111111111
00000000000001111
00000000000000000000000000000000000000000011111111
00000000000000000000000000000000000011111111111
0000000000000000000000000000000000000000011111
0000000000000000000000000000000001
000000000000000000000000000000000011111111
00000000000000000000001111111111111111
000000000000000000000000000000000000011111
0000000111
0000000000000000000000000000000000011111111
000000000000000000000000000000011111
00000000000000000000000000001
000000000000000000000000000000000000111111
0000000000000000000000000011111
00000000000000000000000000001111
00000000000001111111111
0001
000000000000001111
000000000000011111
000000000000000000000000000000000011111
0000000000000000000000000000011111
00000000001111111111111111111111111111111
000000000000000001111111
00000011111
000000000000000001
0000000000000000000000000000000000000000111111
0000000000000000000011
00001
00000000000000000000000000000000001111111111111111
000000000000000000000000000001111
00000000000000000001111111111111111
00000001
000001
00000000000000000000011111
000000000000000000000000001111111111111111
00000000001
00000000000000000000000000000001111111111111111111
00000000000000000000011
0000000000000000000001111111111111111111111
000000000000000111
000000000000000011111
00000000011111111
00000011
00000000000000000111
0000000000000000000111111111
000000000000000000000000000011111
0000000000000000111
000001
00000000000000000000001111111111
000000000000000000000011111111
0000000000000000000000000000000000011
00000000000111
000000000011111111
00000000000000000000000000000111111111111
0000000000000000000000000000000000000000001
00000000000000011111111111111
0000000000000000000000000000001111111
000000011111111
0000011
0000000000000000011111
0000000000000111111111111111111
000000000000000000000001
0000000001111111
0000000000000011
00000000000000000011111111111111111111111111
000000111111
000000000000000000000000000001111111
000000000000000000000000000000111111111111111111
00000000000000000001111111111111111111111
0000000000000000000000000000001111111
0000000001
0000000000000000000000000111111
00000000000111
00000000000011111
0000000011111111111111111111
000000000000111111
00000000011
0000000000000000000000000000000000000001
000001
000000001111
000000011
00000000000000000000000000000000000011111111111
0000000111
00000000000000111111111111111111111111
000000000000000000000111111111111111
0000000000000000000000000000001111
00000000001111111111111111
00000000111
000000000000000000000000000111111111
00000000000001111111
00000000000000000000001111111111
0000000000000111
0000000001
0000000000000000000000000000000000000000011
000000000000011111111111111
00000000000000000000000001
00000000001111
000000000000000000000000000000011111111
0001
00000000000000000000001111111111111111
0000000011
000000001
00000000000000000000000011111111111111111
000000000000111
00000000000000000000111111
00000000000000000000000000111111111111111111111111
000000000111111
000000000000000000000000000000000111
00000000001
00000000000000001111111111111
000000000000000000000000000001
0000000001111
0000000000000000000000000000000011111111111111
0000000000000011
0000000011111
00000000000000000111111111111111
00000000000000000000000000000000000000001111111111
000000000111
000000000000000011111111111111111111111111111111
000000000000000000000000000000111
00000000000000000000000000000111
000000000000000000000000000000000000000000111111
0000000000000000000001111111111111111111
000000000001
00000000000000000000000011
00000000000000000000000000000000000111111111111111
000000000000000000011111111
000000000000000000000000000011111111
0000000000000000000000000000000000000000011
0000000000000000000000000000000000011111
0000000000011
000000001111
00000000011
000000000000000000000000000111111111111111111111
00000000000000000000000000000000001111111111111111
0000000000000000001111111111111
0000000000000111111111
00000000000000000000111111111
000000000000000000000000000011111111
0000001
000000000000000000000000000000111111111111111111
000000000000000000000000001111111
0000000000001
00000000000000000000000000000000011
000000000000000000001111
00000000000000000000000111
00001
00000000000000000000001111111
00000000000000000000111111111
0000000000000000001111111111111111
0000000000000001111111111111111111
0000000000011
00000000000000000000000000111111111
0000000000000000000000000000001111111111111111111
000000000000000000000000011111111111
000000000000000000111
00000000000000011111111111111
0000000000000011111
00000000000111111111111
000000000000000000000000000000000111111
000000000000000000000000000000000001
00001
00000000000001111
0000000000000000000000000001111111111111111111
0000000000000000000011111
000000000000000000000001111111111
00000000000000000000011111111111111111111
000000000000000000001111111111111111
00000000000000000000000000000001111
0000000000000000000001
0001
0000000000011
000000000000001
00000111111
0000000000000000001
000000000000000000000000000000000000000000000011
000000000000000111111111111111111111111111
0000000000000000000000000000011111
00000000000000000000000000000000111111
00000000000000000000000011
00000000000000000000000000000000000000111111111
0000000011111
000000000000000000011111
0000000000000000000000001111111111111111
0000000000000000000000000000000000000000000001
0000000011111111111
000000000000000000011111
000000000000000000000011
000001111
0000000000000000000000001
0000000000000000000000000000000000011111111
00001
00000000000000000000000000000111111
00000000000000000011
00000000000001111111
0000000000000000000000000000011111111111
000000000000111111111111
000000000000011111111111111111
00000000000000000000000000000000000001111
000000000000000011111111
000000000000000000000000000000000111111111
000000000000000011111
00000000000000000000000000000000011111111111111111
00000000000000111
00000011111
0000000000000011111111111111111
000000000111111111111111111111111111
0000000000000000000000000000000000011111111111111
00000000000000000000001
000000000000000000000001
0000000000000000000111
00000000011
000000000000000000000000000011111111111111111
00000000000000001111
000000000000000000000011111111
00000000000000000000000111
00000000000000000000000001111111111111
00000000000000000000000000000000000111111111111111
00000000000000000000000000000000011111111
0000000000000000000011111
0000000000000000000000000001111111111111111
00000000000000000000000000011111111111111111111111
00000000000000000001111111111111111111111111111
0000000000000000000000000000000000000001
00000000000000000000000000000001111111
00000000000000000000011111111111111111111
00000000000011111
000000000111
00000001111111111111111
000000000000000001111111111111111111111
00000000000000000000011111111111111111111111111
00000000000000000000000000000000000000111111111111
00000000000000000000000000000011111111111111
000000001
000000000000000000000000000000000000011111
000000000000000000000001111
0000000000000000001111111111111111
000000000000000000000000000000000000111
00000000000111
000000000111111111111
000000000000111
000000000000000011111
0000000111111111
00000000000000000000000000000000000000011111
000000000011
000000000000000000000000000011111
000000011111111111
000000001
0000000000000000000000000011
00000000000000000111111
00000000000000000001111111
000000000000000000000000000000000000001
0001
0000000000000000000000000000000000000000000111
0000000000000000000000000000000000000000011
0001
000000000000000000000000011111
000000000000000111111111111
0000000011111111111111
00000000000000000000000000000000000000001111111
000000000000000000001
000000000011111
0000000000000000000000000000000000000000000111111
000000000011
00000001
00000000000111111111
0000000000000000000000000111111111
0000000000000000000000011111111111111111
00000000000000000000000000000000011111
0000000000000000000000000001111111
00000000000000000111111111111111
00000000000000000000000111
000000000000000000000111111
000000000000000000000000000000000000000000001111
000000000011
00000000000011
0000000000000000000000000000000000000111
0000000000000000000000000000001111111111
0000000011111111111
000000000000000000000000000000000000111
0000000000000000000001111111111111111111111
00000000000000000000000011111111111111111111
00000000000001111
000000000000000000000000000000000000000001111111
0000011
0000000000000000111111111111
0000000000000000000000000000000000011
00000000000000000000000011111111111
000000011111
000000000000000011111
000000000000000000000000000000000011111111111111
00000011111111111111111
0000000000111
000000000000000000000000000000011111
0001
00000000000000000000000000000000000111111111
0000000000000000000000000111111111111111111111111
000000000000000000000001111111111111
00000000000000000000011111
00000011
00000000000000000000001111111111111111
0000000000000000000111111111111111
000000000000000000000000000000111
0000000000000000000000000000000000000111111
0000000000000111
00000000000000000000000000000000000001
0000001
00000000000000000000000000000000000000000000001111
000001111111
00000000000000000111111
000000000000000000000000000000111111111111111111
0000011
0000000000000000000000111
000000000000000000000000000011111111
0000000000000000000000000000000000000001
0000000000000111
0000000000011
000000000000000000000000000000000000011111
00000000000000000000000000001111111111111111
00000000000000000000000000000000001111
000000000000000000000000000000000000000000011
000000000000000011
000000000000000000000000000011111
000000000000000000000111111111
0000000000001111111111
00001
0001
000001
0000000000000000000000000000001111111
00001111
00000111111
00000000011
0000000000000000000000000000001111
00001
000000000000011111
00000000000000001111
00000111111111111111111
0000000000000000000000011
00000000000000000000000000000000000000111111111111
00000000000000111111111111111111
000000000000000000111111
000000000000000111111111111111111111111
00000000000000000000000000011111111111111
0000000000000000000000000000111
00000000000000000000000000000000111111111111111
00000000000000001
000000000000000000000000000000000000000000000011
0000000001111111111
0000011111111111
00000111
00000000000000001111111111
000000000011
000000000000000000000000111111111111
0000000011111
000000000000011111111
0000000000000000000000000000000011111111111
00000000000000000000001
000000000000000000000111111111111111
0000000000000000000000000000000000000000000111111
000000000000000000000000000000000001111
0000000000000000000000000000000000000000000111
00000000011
000000000000000000000000000001111
000011
0000000000000000111111
000000000000000000011
0000000000000000000000000000011
0000000000000000000000000000000000000111111111
0000000000111
000000000000000000000000001
0000000000000000000001111111111111111111
00000000000000000000000000111111
00000000000000000000000000000000000000000000011111
00000000000011111111
00000000000000000000000000000000000000111111111
0000000000001111111
0000000001
00000000000000000000111111
0000000000000000000000000011111111
0000000000000001
000000000000000000001111
00000000000000000011111111111
000111111
00000000000000000000000000000001111111
000000111111
000000000000111111
000000000000001111
00000000000000000000011
000000000000000000000111111111111
000000000000000000000000000000000000001
000000000000001111111111111111111
00000011
0000000000000111
00000000000000000000000000000000000000000001
0000000000000000000000000000000011111111111111
00000000000000000000111111111111
0000000001
0000000000000000000000000000000000011111111
000000000001111
0000011
0000000000000000000000000000000111
000000000000000000000000000000000000000011
0000000000000000000000000000001
00000000000000000000000001111111111111111
00000000000000000000000000000000000000011111111
000000001111111111111
00000000000000000000000000000000111
000000011
0000000000011111111
00000000000000011111111
00000000000000000000000000000111111111111111111111
0000001
0000000000000011
0000000000000000000001111111111111
000000111111111111111
00000000000000111111111111
00000000011111111111111111111111
00000000000000000000001111
000000000001111
000000000000000000000000000000000111111
0000000000000000000000011111111111111111
0000000000000000011111
0000000000000111111111111111111111111
0000000111
000000111
0000000000000000000000011111111111111
0000000000000000000001
0000000000000000000000000011111
0000000000000000000000000000001111111111111111
0000000000000000000000000000000000000000011111
0000000000000000000000000011111111111
000000000000111
000000000000000111111111111111111111111111111111
00000000000000000000000000000000000000000011111
0000000000000000000000000000111
00000000000000000000000000000000000011111111
00000000111111111111
000000000000000001111111111111111111111111111
000000000000111
000000001
000000000000111111111111111111
000000000000000000000000000000000011111111
0000000000000000111111
0000000000000000000000011
000000000000000000000000000000000000111111111
00000000000000000000000000000000000011
00000000000000000000000000000000000000000000000111
00000000000000000000000000000000000000000000011
000000000000001
0000001
0000000000000000000000000111111111
0000000000000000000000111
00000000000000000000000000000000000000000000111111
0000011
0000000000000000000000000000001111111111111111111
00000000011
0000000000000001111
0000000000011
00000000000000000000000000000000000000001111111
000000000001111
00000000000000000000000111111111111111111
00000000000000000000001111111111111111111111
000000000000000000000000000000000000000011
00011111
000000000000000000000000000000000000000000000001
0000000000000000000000000000000001111
0001
0000000001
0000000000000000000000000000000000011111111
000000000000000111111111111111
0000000000000000111111111111111111111
0000000000000000000111111
00000000000000000000000111111111111
000000000000000000000000000001111
00000000000000000000000000000000011
0000000001111
00000000000000000000011
000000000000000000000000011111111
00000000000000001111111
00000001111
0000000000111
000000000000000000000000011111
00000000000000000000000011111
00000000000000000000000000000000000000001
000000000011
0000000000000000000000000001
000000000011111
0000000000000000000000000111
0000000000000000111111111111111111
000000000000000000000000000011111111111
000000000000000000001
0000000000000000000000000000000000000000001
0000000000011
00000000001111
000000000000000000000000000001
000000000000000000000000000001111111111
000000000011111
0000000000000000011111111111
000000000000000000000001111111111
0000000000000000000001111
000000000000000000000001
0000000000000011
000000000000000000000000000000000011
000000000000000000000000000001111111111
0000000000000000011111111
00011
0000011
00000111111111111
00000000000000000000000000000001111111
000000000000011
000000011111111111
000000000000000000000000000000000011
0000000000011
00000000000011
0000000000000000000111111111111111111111
0000000000000000000011111111111111111111111111
000000000000000000111111
0000001111
0000000000000000000000000000000000000000000011
00000000000000111111
00000001
00000000000000000000000000000000000000000011
0000000000000000000000011111111111
00000001
0000000000000000000000000111111
000000000000011
0000000000000001111111111111111
000000000000000000000000111111111111
00000000000000000000000001111111111111111
00000000000001
000000000000000001111111111111111111111111
0000000111
00000000000000000000000000000001111111111111
00000000000000000000000000000000000000011111111111
00000000111
00000000000000111111
0000011
00000000000000111
000000000000111
000000000000000000000000000000000000000001111111
000000000000000111111111111111111111111
00000000000000000000000111111111
00000000000000011111111111111
00000000000000000000000111111111111
00000011
000000000000000000000000000000000000000000000111
000000000001111
00000000000000111
00000000000000000000000000000001
000000000000000011111111
00000000000001
0000000000000000001111111
00000000000000000001111111111
00000000000000000000000000111
00000000001
000000000000000000000000000000011111111111111
00000000000000000001111
000000000000011
000000000000000000000000000000001111111
00000000000000000000000000000000000000001
000000000000000000000000000000001111
000000000000000000000000000001111111
0000000000000000000000000000000000011
00000000111
00000000000000000011
000000000000000000000000000000000000000000001
0000000000000000111111
00000000000000000000001111
00000000000000001
00000000000000000111111111111111111
00000000000000000000000000000000111
00000000000000000000111111
000000000000000000000000000000000000000001
00000000000000000000001
000000000000111
0000000000000000000001111
00000000000011111111111111
000000000000000000000000000000000000000000111111
00000000000001
00000000000000011111111111111111111111111
00000000000000000000000000111111
0000000000000000000000000000011
000000000001
000000000000000000000000011111
000000000000000000000000000001111111111111
000000000000000000000000000000000000000000011111
000000011111
0000000111
000001
0000000001
0000000000000001111111
0000000000000000000000111111
0000000000000000000000011111111111
000000000000000000000000000000000000000000011111
0000000000000000111111111
0000000000000000000011111111
00000000000000000000000001111
00000000000111
0000000000000000001111111111
000000000000000000000111111111111111111
00000000000111
000000000000000011
0000000000000000000111111
0000000000000000000000000000000000011
0000000001111111
00000000000000000001
00000011111
00000000000000000000000000000111111111
00000000000111
0000000000000000011111
000000000000001111
0000000000000011
0000000000000000000000001111111111111
0001
0000000000000000000111111111111
000000000000000000000000000000000000111
00000000000000000000000000000000000000001111
000000000000000000111111111111111111
0000000000000000011
0000000000000000001
000000000000000000000000111111111
00000000000000000000000000000111111111111111111111
000000000000000011111
000000000000000011
0000000000000000000000000011111
000000000000111
00000000000001111
0000000000000000000000000000000000000001111111111
0000000000000000000000000000000000000000000011
00000000000000000000000000000000000011
00000011
00000000000000000000001111111
000000000000000000000111111111111111111
00000001111111111111
0000000000001
00000000000011
00000000000000000000000000000000011111
000000000000000000000000000000000000000000000001
00000111111111111
0000000000111
0000000011
00000000000000000000011111111111111111111111111
000000000000000000000000000000000000111111
0000000000000000000000001111
00000000000000000000000000000111111111111111
000000000000000000000000000111111111111
000000000000000000000000000000000111111111
000000000000000000000000001111111111111111111
0000000000000000000000000111111111111111
0000000001111
0000000000000000000000000000000000000000000000111
00000000011
00000000000000000000001111111
0000000000000011111
000000011111
0000000000000111
0000001111
000000000000000000001111111111111111111
00011
0000000000000001
00000000000000000000000000000000000000000001111
000000000000000000000000000000001
00000000111111111111
00011111
00000001111111111111111111111
00000000000000000000000000000111111
00000000000000001111
00000000000000000000001111111111111111111
0000000001
0000000000111
000000000011
0000000000000000000000000000000000000000000011
0000000000000000000000001111111
0000000000000000000001111111111111111111111
0000000000000000001111
000000000000000000000000111
00000000000000000000000011111111111111111111
00000000000000000000001111111111111
00000001111
00000000000000000000000000000000000011111111
00000000111111
000000000000000000000000000000011111
0000000000000000000000000001111111111111111111
000011
0000000000000001
00000000011
00000000000000000000000000111111
0000000000000000000001111111
0000000000001111111
000000000001
000000000000000000111
000111
0000000000001111
0001
0000000000000000000000000000000000000111111
00001111
0000011
000000000000000000000001111111111111
0000000000000000000000000000000000111
0000001
0000001111
000000000000000000000000000000001111111111111111
00000000000001111111111111111
00000000000001111111111111111111111111111111111
0001
00000000111111111111111
00000000111111111111
000000000000000000000000000000000000000000001
000000000011111111111111111111111111111111111
00000000000000000000000000011111
000000000000000001111111111
0000000000001
0000000000000000000111
0000001
00000000000000000000000000000000000111111111111
00000000000000000111111111111111111111
000000000000000000000000000000011111
00000000000000011111
0000000111
0000000000000000000000000000001111111111
0000000011111
00000000000000000000000000000000000000111111
00000000000000000000000000000011111111111111111
0000000000000000000111
0000000000000000000000111111111111111111111111
00000000000011111
000000000000000000011
000000001
00000000000000000000000000000000011
00000000000000000000001
00000000000011
0000001
00000000001111111111111
0000000000000000000000000000011
000000011111111111
00000000000000000000000000000000000111111111
00000000000000000000001111
0000000000000000111111111111
0000000000000000000001
00000000000000000000000000000000000000000000000001
00000111
000000000000000000000001111
00000000000000000000000001111111111111111111111111
00011111
0000000000000000000000000001
0000000000000000000111
00000000000000000000000000000000000000000000111111
000000000000000000000000111
0000000000000000000000011111111111111
000000000000000011
0000000011
00000000000000111
000011
00000000001
000000000000000000000000000000001111111
000000000000000000111111
00000000000000000000000000000000000001111111111111
00000000000000000011
000000000000000000000000000000111
0000001
0000000000000000111111111
00000000000000000000000001111111
00000000000000000000000000000000000001
000000000000000000000000000011111
00000000000000000000000000001111111111
0001
0000000000000000000000000000000000000001111111111
000000000000000000000000111111
00000000000000000000000000000000000111111
0000000000000000000000000000000000001
00001
0000000000000011
000000001111
000000000000000001111111
00000000000000000000000000000000001111111111111
00000000000000000000000111
0000011
00011
000000000000000000000111
0001
0000000000000000000000011111
0000000000000000000000000001111
0000000000000000000000000000000011111111
000001
0000000000000001111111
00000000000000000000000000000000000111
00000000000011111111111111111111111111111111111111
0000000000000000000000000000000000001111111111
0000000000000011111111
000000001
00000000000000000000000001
0000000000000000000000000000000000000000011111111
00000001
0001
000000000000000000000011
00000000000000000000001111111111111111
0000000000000000111111111111111111
00000000000000000000000000000000011111111
00000000000011
00000000000000000000000000000000000011
0000000000000000000000000000000011111111111
0000000000111
0000000000000000000000000111111111111111111
0000000000000001111111111
00000000000000000000000000000111111111
000000000000000000000000000111111111111111
00000000011
0000000000000000000000000000000011111111
0000000000000000000000001111111111111
000000000000000011
000000111111111
0000000000000001111111111
0000000000111
0000000000000000000000001111111111111111111
000000000000000011111
00000000000000000000000000000000000000001111
000000000000000000000000111111
0000000000000000000000000000111
000011
00000000000000000000000000000000000111111111111111
00000000000000011
00000000000000000000000000111
0000000000000000000111
0001
0000000000011
00001
00000000111111111
000000000000000000000000000111111111
000000000000000011111111
0000000000000000000000000011111111111
0000000000000000000000000000000000000011111
0000000001
0000000000000000000000000011111111111111111
000000000000000000111111
00000000001111111111
00000000000000001111111111111111111111111111
00000000000011111111111111111
00000000000000000000001111111111
00000000000011111111111111
0000000000000000000000000000000000111111111
00000000000111
00000000000111111
000000000000000000011
0000000000011
00000000111111111111111
000000000000000000000000001
00000000000000000000000000000001
0000000000000000001
0000000000000000000011
0000000000001
00001
0000000000000000000000011111111111111111111
00000000000000000000000000000000001111111
000000000000000000111111111111111
000000000000000000000000000000000000001111
000000000000000000000000000000000011
0000000000001
00000000000000000000000000011111111111111111111
000000000000000000000011111111111111111
000001
000000000000000000000001111
000000000000000000111111111111111
000000000000000011111111111
0000000000000000000000011
0000000000000000000000111111
0000000000000000000000000000000000001111111111111
0000000000000011111111111
0000000000000000000000000000000001111111
000000000000000000000000000000111111111111
0000000000011111111
00000000111111
0000000000000000000000001111111111111111111
00000000000000000000000000000000000011111111111
00000000000011111111111
000000000000000000000000000000011111111111
00000011
000000000000000000001111111111
0000000000000000000000000000000000111
000000000000000000000000000001111
00000000011
000000000000001
00000000000000000000000000000001
0000000000000000000000000000000001
0000000000000000000011111111111
00000011
0001
0000000000000000000000000000001111111111111
0000000000000000000000000000000000000000000111111
00000000000000000000000000000000000011111111
000000000000000000000000000000111111111111111111
0000011
0000000000000000000000000000000011111111
00000000000000000000000000000000000000001
0000000000000000000000000001
000011111111
0000000000001
00001
000111
00000000000000000000001
0000000001
00000000000000000000000001
00000000000000000000000000000000011111
00001
000000000000000000000000000000000000000011
000000000000000000000001111
000000000000000000000000000000000001111111111
00001111111111111111
0000111
00000000000000000000000000000000000000001
0000000000000000000000000000000000111111
00000000000111111111111111111111
00000111
